1000
1231 0
8346 1
2777 2
6915 3
7793 4
8335 5
5386 6
492 7
6649 8
1421 9
2362 10
27 11
8690 12
59 13
7763 14
3926 15
540 16
3426 17
9172 18
5736 19
5211 20
5368 21
2567 22
6429 23
5782 24
1530 25
2862 26
5123 27
4067 28
3135 29
3929 30
9802 31
4022 32
3058 33
3069 34
8167 35
1393 36
8456 37
5011 38
8042 39
6229 40
7373 41
4421 42
4919 43
3784 44
8537 45
5198 46
4324 47
8315 48
4370 49
6413 50
3526 51
6091 52
8980 53
9956 54
1873 55
6862 56
9170 57
6996 58
7281 59
2305 60
925 61
7084 62
6327 63
336 64
6505 65
846 66
1729 67
1313 68
5857 69
6124 70
3895 71
9582 72
545 73
8814 74
3367 75
5434 76
364 77
4043 78
3750 79
1087 80
6808 81
7276 82
7178 83
5788 84
3584 85
5403 86
2651 87
2754 88
2399 89
9932 90
5060 91
9676 92
3368 93
7739 94
12 95
6226 96
8586 97
8094 98
7539 99
795 100
570 101
1434 102
378 103
7467 104
6601 105
97 106
2902 107
3317 108
492 109
6652 110
756 111
7301 112
280 113
4286 114
9441 115
3865 116
9689 117
8444 118
6619 119
8440 120
4729 121
8031 122
8117 123
8097 124
5771 125
4481 126
675 127
709 128
8927 129
4567 130
7856 131
9497 132
2353 133
4586 134
6965 135
5306 136
4683 137
6219 138
8624 139
1528 140
2871 141
5732 142
8829 143
9503 144
19 145
8270 146
3368 147
9708 148
6715 149
6340 150
8149 151
7796 152
723 153
2618 154
2245 155
2846 156
3451 157
2921 158
3555 159
2379 160
7488 161
7764 162
8228 163
9841 164
2350 165
5193 166
1500 167
7034 168
7764 169
124 170
4914 171
6987 172
5856 173
3743 174
6491 175
2227 176
8365 177
9859 178
1936 179
1432 180
2551 181
6437 182
9228 183
3275 184
5407 185
1474 186
6121 187
8858 188
4395 189
6029 190
1237 191
8235 192
3793 193
5818 194
4428 195
6143 196
1011 197
5928 198
9529 199
8776 200
2404 201
4443 202
5763 203
4613 204
4538 205
8606 206
6840 207
2904 208
4818 209
5128 210
688 211
7369 212
7917 213
9917 214
6996 215
3324 216
7743 217
9470 218
2183 219
8490 220
5499 221
9772 222
6725 223
5644 224
5590 225
7505 226
8139 227
2954 228
9786 229
7669 230
8082 231
8542 232
8464 233
197 234
9507 235
9355 236
8804 237
6348 238
8611 239
3622 240
7828 241
9299 242
7343 243
5746 244
5568 245
4340 246
5422 247
3311 248
3810 249
7605 250
1801 251
5661 252
3730 253
4878 254
1305 255
9320 256
8736 257
9444 258
8626 259
8522 260
3465 261
6708 262
3416 263
8282 264
3258 265
2924 266
7637 267
2062 268
5624 269
2600 270
2036 271
3452 272
1899 273
9379 274
5550 275
7468 276
71 277
973 278
7131 279
3881 280
4930 281
8933 282
5894 283
8660 284
163 285
7199 286
7981 287
8899 288
2996 289
2959 290
3773 291
2813 292
9668 293
7190 294
1095 295
2926 296
6466 297
5084 298
1340 299
2090 300
7684 301
3376 302
5542 303
5936 304
9107 305
7445 306
9756 307
9179 308
8418 309
6887 310
9412 311
3348 312
2172 313
1659 314
2009 315
2336 316
5210 317
6342 318
7587 319
8206 320
9301 321
7713 322
7372 323
5321 324
1255 325
4819 326
4599 327
7721 328
9904 329
5939 330
9811 331
3940 332
5667 333
1705 334
6228 335
1127 336
9150 337
5984 338
6658 339
3920 340
9224 341
2422 342
7269 343
1396 344
4081 345
5630 346
84 347
9292 348
1972 349
7672 350
3850 351
7625 352
5385 353
1222 354
9299 355
6640 356
6042 357
3898 358
713 359
2298 360
6190 361
524 362
2590 363
8209 364
8581 365
8819 366
9336 367
7732 368
1155 369
5994 370
8004 371
379 372
4769 373
5273 374
1776 375
8850 376
7255 377
1860 378
8142 379
5579 380
5884 381
1993 382
3205 383
7621 384
9567 385
2504 386
613 387
1961 388
2754 389
1326 390
4259 391
8944 392
8202 393
3202 394
3506 395
6784 396
2021 397
2842 398
868 399
9528 400
5189 401
8872 402
9908 403
9958 404
498 405
8036 406
8808 407
7753 408
6248 409
3303 410
3333 411
2133 412
1648 413
2890 414
9754 415
7567 416
1746 417
368 418
9529 419
4500 420
8046 421
3788 422
9797 423
6249 424
6990 425
3303 426
3033 427
5363 428
2497 429
253 430
4892 431
7686 432
9125 433
1152 434
3996 435
5975 436
9188 437
9157 438
3729 439
5436 440
2460 441
3414 442
3921 443
460 444
6304 445
28 446
8027 447
8050 448
6748 449
7556 450
8902 451
4794 452
7697 453
8699 454
1043 455
1039 456
2002 457
428 458
6403 459
4500 460
681 461
7647 462
8538 463
6159 464
5151 465
2535 466
2134 467
4339 468
1692 469
2215 470
6127 471
504 472
5629 473
49 474
964 475
8285 476
6429 477
5343 478
6335 479
3177 480
2900 481
5238 482
7971 483
6949 484
289 485
5367 486
7988 487
2292 488
5795 489
743 490
3144 491
2829 492
8390 493
1682 494
5340 495
3541 496
569 497
3826 498
4232 499
2261 500
6042 501
360 502
9117 503
8023 504
6761 505
81 506
6309 507
3190 508
5425 509
8996 510
6367 511
4677 512
4234 513
690 514
1626 515
4524 516
6057 517
9614 518
3168 519
8205 520
358 521
6312 522
7386 523
5100 524
4346 525
2726 526
4994 527
4916 528
6552 529
5578 530
3529 531
8946 532
2290 533
2647 534
6970 535
9051 536
9080 537
9631 538
8593 539
857 540
8627 541
1312 542
1886 543
9214 544
8355 545
3512 546
90 547
4412 548
9479 549
9610 550
8969 551
6189 552
2274 553
6355 554
7641 555
6620 556
5433 557
8987 558
7888 559
8338 560
4566 561
7770 562
7284 563
6856 564
417 565
606 566
2260 567
5849 568
237 569
7205 570
3059 571
5217 572
8518 573
4945 574
783 575
6873 576
8458 577
873 578
7637 579
4289 580
483 581
6607 582
478 583
2757 584
9314 585
4471 586
5729 587
1100 588
3459 589
3618 590
9438 591
8025 592
1388 593
3074 594
1233 595
8157 596
3681 597
3493 598
358 599
270 600
699 601
3417 602
1839 603
5569 604
8363 605
2622 606
8794 607
3173 608
9847 609
6431 610
7462 611
6682 612
9390 613
4292 614
5791 615
5057 616
5115 617
1521 618
6157 619
8574 620
1491 621
1947 622
2951 623
9231 624
5021 625
537 626
3740 627
5054 628
4030 629
4098 630
5325 631
1081 632
7516 633
3516 634
3002 635
2231 636
6139 637
1796 638
5404 639
2338 640
4580 641
9218 642
9021 643
3970 644
9862 645
4812 646
5379 647
4977 648
2685 649
1536 650
9904 651
4176 652
3483 653
9207 654
9759 655
4857 656
9744 657
3499 658
9911 659
127 660
3950 661
5236 662
7560 663
7818 664
5105 665
563 666
49 667
1244 668
8711 669
1805 670
9934 671
3291 672
7375 673
8955 674
3614 675
3589 676
3768 677
8993 678
4918 679
2805 680
6882 681
4822 682
6982 683
6717 684
4030 685
3093 686
1574 687
126 688
6593 689
1486 690
253 691
543 692
3074 693
7814 694
4713 695
8179 696
8377 697
4762 698
5775 699
7088 700
2919 701
5710 702
6732 703
294 704
1017 705
346 706
235 707
1137 708
5691 709
5153 710
3943 711
2573 712
6328 713
925 714
9291 715
6710 716
4018 717
7217 718
6836 719
6963 720
5055 721
7090 722
3858 723
8130 724
4904 725
8571 726
2661 727
9633 728
9685 729
4789 730
3073 731
2604 732
6851 733
9805 734
9250 735
7868 736
6503 737
9485 738
9006 739
2195 740
4639 741
2949 742
1120 743
967 744
226 745
6763 746
7677 747
596 748
3981 749
865 750
7560 751
9036 752
7955 753
7770 754
3518 755
9211 756
6342 757
2532 758
5196 759
2379 760
7321 761
8270 762
4984 763
4172 764
4427 765
4234 766
2040 767
7283 768
72 769
7398 770
5830 771
1063 772
347 773
6950 774
2030 775
573 776
3714 777
6059 778
7522 779
4047 780
6924 781
5082 782
9435 783
1232 784
9204 785
2954 786
443 787
1898 788
5486 789
5640 790
4278 791
9159 792
262 793
9262 794
9683 795
1041 796
9848 797
1723 798
8324 799
6272 800
9122 801
4154 802
7335 803
5821 804
7457 805
9365 806
2747 807
1171 808
1776 809
269 810
5218 811
8701 812
1703 813
4653 814
9933 815
907 816
3959 817
6728 818
2806 819
5797 820
8720 821
7084 822
1308 823
5334 824
2698 825
991 826
6376 827
8898 828
2715 829
1052 830
5171 831
8189 832
1559 833
2506 834
4010 835
9016 836
8224 837
3109 838
6539 839
0 840
3378 841
8109 842
5053 843
5081 844
9114 845
1338 846
5989 847
9426 848
8067 849
5147 850
5223 851
6787 852
2231 853
6532 854
2122 855
1281 856
3875 857
4850 858
179 859
6590 860
2254 861
5350 862
1131 863
3813 864
7857 865
1494 866
9181 867
6081 868
4603 869
5720 870
2433 871
7982 872
181 873
7487 874
9415 875
9296 876
8825 877
5404 878
8722 879
6892 880
551 881
297 882
32 883
9134 884
3181 885
8506 886
415 887
7057 888
9708 889
595 890
9999 891
1962 892
2297 893
7483 894
5776 895
154 896
8977 897
1309 898
2587 899
9932 900
3382 901
5021 902
4266 903
3563 904
8860 905
3682 906
9211 907
7685 908
9086 909
4285 910
930 911
5990 912
4583 913
7314 914
1476 915
4116 916
5820 917
1892 918
7525 919
5528 920
8839 921
7525 922
7490 923
1136 924
1360 925
9618 926
7643 927
337 928
928 929
6582 930
6621 931
4310 932
7955 933
888 934
4225 935
6815 936
4570 937
3437 938
853 939
8 940
7722 941
1783 942
2350 943
8657 944
9097 945
3827 946
9126 947
1269 948
2071 949
6651 950
3149 951
910 952
528 953
639 954
8398 955
1888 956
6610 957
2393 958
8577 959
3890 960
8976 961
5199 962
4552 963
6931 964
6087 965
8777 966
99 967
657 968
8566 969
952 970
7017 971
2641 972
2735 973
9368 974
1298 975
8184 976
3195 977
6776 978
5805 979
5266 980
3428 981
8954 982
2528 983
308 984
9593 985
7278 986
2197 987
2555 988
9672 989
774 990
6445 991
5000 992
2325 993
997 994
8283 995
8412 996
6127 997
8382 998
5421 999
